75.0
76.333333333
78.666666667
56.666666667
69.666666667
32.333333333
72.0
44.0
67.333333333
31.333333333
46.333333333
71.333333333
83.333333333
75.333333333
76.666666667
75.0
77.666666667
44.666666667
60.333333333
65.333333333
46.0
64.666666667
78.666666667
56.666666667
55.666666667
75.0
62.333333333
89.666666667
78.0
84.333333333
57.333333333
59.333333333
65.0
41.666666667
65.333333333
67.333333333
66.666666667
65.666666667
76.0
54.0
34.333333333
73.333333333
74.333333333
64.0
55.0
52.333333333
76.333333333
63.333333333
50.333333333
47.666666667
50.333333333
63.0
64.666666667
71.333333333
54.0
62.333333333
69.333333333
63.666666667
75.0
85.666666667
78.333333333
69.666666667
77.666666667
68.666666667
75.666666667
69.666666667
61.0
70.666666667
72.666666667
62.666666667
55.333333333
80.333333333
63.333333333
63.0
49.666666667
63.666666667
90.333333333
85.333333333
78.666666667
54.666666667
44.666666667
67.0
61.666666667
64.333333333
69.0
69.0
42.333333333
52.333333333
51.0
72.0
70.333333333
49.666666667
50.666666667
68.666666667
43.333333333
71.666666667
76.0
70.666666667
65.333333333
63.666666667
40.0
51.0
69.666666667
66.0
62.333333333
53.0
76.0
62.0
81.333333333
61.333333333
76.666666667
47.666666667
78.333333333
60.666666667
80.666666667
56.0
47.333333333
41.0
85.666666667
64.0
58.666666667
68.666666667
65.666666667
60.333333333
78.0
76.0
82.666666667
38.666666667
56.333333333
51.0
86.0
63.666666667
72.0
66.666666667
64.333333333
84.0
46.0
73.333333333
49.0
71.333333333
49.333333333
36.666666667
64.333333333
65.333333333
69.666666667
45.333333333
48.0
68.666666667
54.333333333
60.0
47.666666667
62.333333333
77.666666667
59.333333333
63.666666667
58.666666667
80.333333333
87.666666667
53.666666667
60.666666667
39.0
53.0
66.666666667
65.0
70.666666667
47.333333333
53.666666667
66.293413174 61.628742515 63.125748503